Agent/TCP/Reno
DropTail
6.99669576939   0.00418323249784    0.0488473517914
6.54236560957   0.00469657187234    0.0476821852567
7.05247050976   0.00405233696212    0.0515030692735
7.01375253269   0.00389977912755    0.0513168817517
7.17968047088   0.00380843247616    0.0540978005616
6.76725153183   0.00411360709687    0.0536799906972
6.98817913594   0.00384522118682    0.0563576000139
7.1658732451   0.00371583961085    0.0599782173736
7.29969978611   0.00361801706111    0.0640594007595
7.1882651267   0.00373724790411    0.0606116835755
RED
5.11498951569   0.0027518147744    0.0353834046339
5.24287759537   0.00249838067919    0.0353737702226
5.12134083566   0.00260478332939    0.0354238237417
5.01485744135   0.00275868744555    0.0354856196069
5.03008308698   0.00260404108598    0.0355331972635
5.11546386394   0.00260811836115    0.0355015719108
5.0024643629   0.00266653738001    0.0355870934811
4.9248254359   0.00323958179944    0.0356856733639
4.94359291415   0.00314125846667    0.0356501553914
4.94359291415   0.00314125846667    0.0356501553914
Agent/TCP/Sack1
DropTail
6.68269870013   0.00419970312443    0.050396229631
6.87169370716   0.00404858299595    0.0535201364793
6.81378594358   0.00397755522409    0.0537621503245
6.89709061865   0.00407775863887    0.0575401820621
6.95612852526   0.00389578767957    0.0579208385655
6.8666360488   0.00394741479576    0.0592971345317
7.01780751208   0.00368254405286    0.0646792507859
6.89164226388   0.0039359010402    0.0640601834956
7.03848543308   0.00374737855399    0.0653953452619
6.89819590387   0.00396435587988    0.067997948857
RED
5.5041335072   0.00337852661138    0.0359859433389
5.54524165657   0.00327854520021    0.0359988957456
5.51739545884   0.00289880534083    0.0360173529204
5.50470413015   0.00308261405672    0.0360565898489
5.46879914021   0.00261559604557    0.036030791137
5.47546085191   0.00265863169089    0.0360551516794
5.49414526764   0.00256002824859    0.0361049939375
5.4836785337   0.00270150575731    0.0361180742484
5.47345509656   0.00256932754496    0.0361329969355
5.48053950708   0.00252290532466    0.0361187278576
Agent/TCP/Reno
DropTail
1 0.24992  0.0
2 3.13664  0.0
3 7.27168  0.0
4 9.68448  0.0
5 10.00064  0.0
6 10.00064  0.0
7 10.00064  0.0
8 9.70112  0.0
9 9.41824  0.0
10 10.00064  0.0
11 10.00064  0.0
12 10.00064  0.0
13 9.89248  0.0
14 9.2352  0.0
15 10.00064  0.0
16 3.328  4.776
17 3.44448  4.984
18 5.02528  4.904
19 4.98368  5.016
20 5.12512  4.88
21 5.09184  4.904
22 5.08352  4.912
23 4.88384  5.12
24 5.2  4.8
25 5.05024  4.952
26 5.1168  4.88
27 2.42944  5.4
28 3.81888  5.088
29 5.1168  4.856
30 5.0336  4.968
31 8.86912  0.344
32 10.00064  0.0
33 10.00064  0.0
34 10.00064  0.0
35 9.71776  0.0
2    0.0346998709677
3    0.0540113740053
4    0.0335982305006
5    0.0342060480855
6    0.0439124152249
7    0.0543257723292
8    0.0635894088496
9    0.0647547158672
10    0.0336140289855
11    0.0422700379965
12    0.0528901818182
13    0.0623037738516
14    0.0696010974729
15    0.033196133829
16    0.040598918174
17    0.0853815855072
18    0.033972546798
19    0.0402016467577
20    0.0611068070175
21    0.0751358885017
22    0.0900453475936
23    0.100606170599
24    0.0502802162162
25    0.0639574329372
26    0.0824654545455
27    0.0949449445438
28    0.0783825434783
29    0.0335198049887
30    0.0410487912458
31    0.0622528726003
32    0.03382990625
33    0.0393459277108
34    0.0503454158675
35    0.0600165638767
36    0.0686433174312
RED
1 0.24992  0.0
2 2.34624  0.0
3 4.71744  0.0
4 6.72256  0.0
5 8.8192  0.0
6 9.984  0.0
7 3.7024  0.0
8 4.45952  0.0
9 6.45632  0.0
10 8.46976  0.0
11 9.9424  0.0
12 4.6592  0.0
13 4.19328  0.0
14 6.14016  0.0
15 8.16192  0.0
16 2.48768  4.736
17 3.31968  5.016
18 4.75072  5.12
19 1.31456  4.936
20 3.38624  4.952
21 5.0336  4.824
22 1.61408  4.944
23 3.27808  5.024
24 4.92544  4.88
25 1.73056  5.128
26 3.14496  5.032
27 4.93376  4.872
28 2.11328  5.12
29 2.87872  4.968
30 4.72576  4.984
31 6.91392  0.224
32 8.96896  0.0
33 10.00064  0.0
34 3.35296  0.0
2    0.0346998709677
3    0.0400754609929
4    0.0325824415584
5    0.0331216207792
6    0.0328803125
7    0.037780020654
8    0.0405325714286
9    0.0326004078431
10    0.0331230466045
11    0.0328894004024
12    0.0363915034483
13    0.0421079215686
14    0.0326451160896
15    0.033057914718
16    0.0329042323651
17    0.0524532792453
18    0.0337269746193
19    0.0383869003623
20    0.033843028777
21    0.0337722258883
22    0.0374356495726
23    0.0376883393939
24    0.0336942387268
25    0.0367399585492
26    0.039380480663
27    0.0336415906593
28    0.0357497417103
29    0.0443099118943
30    0.0336597787611
31    0.0357156928702
32    0.0328278459627
33    0.0328125019011
34    0.0388664784854
35    0.0395083094556
Agent/TCP/Sack1
DropTail
1 0.24992  0.0
2 3.37792  0.0
3 9.32672  0.0
4 6.7392  0.0
RED
